<?xml version="1.0" standalone="no"?>
<!DOCTYPE svg PUBLIC "-//W3C//DTD SVG 20010904//EN"
 "http://www.w3.org/TR/2001/REC-SVG-20010904/DTD/svg10.dtd">
<svg version="1.0" xmlns="http://www.w3.org/2000/svg"
 width="1536.000000pt" height="1024.000000pt" viewBox="0 0 1536.000000 1024.000000"
 preserveAspectRatio="xMidYMid meet">
<metadata>
Created by potrace 1.16, written by Peter Selinger 2001-2019
</metadata>
<g transform="translate(0.000000,1024.000000) scale(0.100000,-0.100000)"
fill="none" stroke="white">
<path d="M0 5120 l0 -5120 7680 0 7680 0 0 5120 0 5120 -7680 0 -7680 0 0
-5120z m6154 3559 c59 -15 114 -62 142 -123 23 -49 24 -60 24 -293 l0 -243
1348 0 1347 0 0 233 c0 269 7 306 67 367 54 54 111 74 193 68 111 -9 191 -75
214 -178 6 -25 11 -145 11 -267 l0 -223 248 0 c290 -1 462 -11 557 -35 306
-77 541 -301 618 -590 38 -142 38 -162 35 -2600 -4 -2196 -5 -2385 -21 -2448
-67 -268 -213 -470 -432 -600 -75 -44 -222 -98 -320 -118 -79 -16 -4724 -25
-4913 -9 -140 11 -213 28 -322 72 -144 59 -297 178 -390 304 -90 120 -153 293
-169 464 -12 130 -13 4482 -1 4680 11 175 33 276 85 381 53 108 99 171 184
252 98 93 187 147 321 191 137 45 251 56 587 56 l263 0 0 228 c0 257 8 304 62
365 62 70 154 93 262 66z"/>
<path d="M5193 7479 c-86 -8 -147 -36 -201 -93 -74 -78 -76 -90 -80 -458 l-3
-328 2761 0 2761 0 -3 323 -3 323 -35 69 c-41 82 -93 126 -178 152 -48 14
-109 17 -382 17 l-325 1 -5 -155 c-6 -164 -11 -186 -56 -239 -40 -48 -96 -71
-173 -71 -83 0 -132 15 -181 58 -65 55 -74 85 -74 254 -1 138 -2 147 -21 150
-17 4 -2634 2 -2660 -1 -6 -1 -10 -53 -10 -134 -1 -168 -7 -198 -53 -249 -51
-57 -101 -78 -188 -78 -109 0 -172 33 -222 118 -26 45 -27 54 -31 198 l-3 152
-282 -2 c-154 0 -313 -4 -353 -7z"/>
<path d="M4912 4283 l3 -1828 23 -58 c44 -108 121 -184 233 -230 l54 -22 2398
-3 c2084 -2 2407 0 2468 13 156 32 271 142 315 300 15 55 17 216 21 1858 l5
1797 -2761 0 -2761 0 2 -1827z m731 1393 c39 -17 92 -71 106 -109 17 -45 13
-124 -9 -167 -61 -119 -238 -144 -331 -47 -30 31 -59 96 -59 133 0 75 52 162
115 190 39 17 137 18 178 0z m805 -7 c64 -31 96 -85 100 -168 4 -79 -15 -120
-76 -167 -99 -77 -262 -38 -308 73 -31 73 -10 189 42 234 61 53 164 65 242 28z
m811 -2 c166 -87 133 -323 -50 -367 -127 -31 -259 68 -259 195 0 69 50 148
112 178 50 25 145 22 197 -6z m817 3 c124 -60 141 -250 30 -335 -76 -58 -191
-55 -262 7 -113 100 -92 268 41 329 54 25 137 25 191 -1z m792 -1 c116 -56
141 -220 48 -313 -107 -107 -282 -73 -340 66 -39 93 7 213 99 254 47 21 142
17 193 -7z m797 -2 c21 -12 53 -42 70 -65 26 -38 30 -52 30 -112 0 -60 -4 -74
-30 -111 -80 -113 -260 -114 -335 -1 -69 105 -39 235 69 292 52 28 144 26 196
-3z m-3991 -704 c118 -84 110 -280 -14 -343 -90 -46 -179 -34 -246 34 -85 84
-83 208 4 289 67 64 181 73 256 20z m767 14 c95 -50 135 -169 91 -269 -87
-197 -389 -125 -386 93 2 152 161 246 295 176z m794 4 c79 -36 125 -105 125
-187 0 -175 -204 -264 -339 -148 -110 94 -87 270 44 331 60 27 116 29 170 4z
m820 0 c174 -78 155 -332 -27 -382 -153 -41 -299 99 -258 249 22 85 110 152
200 152 25 0 63 -9 85 -19z m817 -17 c61 -42 88 -95 88 -169 0 -78 -28 -129
-94 -170 -91 -55 -203 -35 -270 48 -25 31 -31 49 -34 102 -5 82 1 106 41 151
70 81 186 97 269 38z m801 0 c58 -41 87 -95 87 -164 0 -101 -53 -173 -148
-201 -134 -39 -280 87 -258 224 24 149 198 226 319 141z m-4022 -687 c24 -13
58 -43 74 -66 26 -37 30 -51 30 -110 0 -56 -4 -74 -27 -108 -94 -142 -322
-111 -368 50 -36 132 58 257 195 257 35 0 66 -8 96 -23z m784 4 c125 -56 153
-223 55 -321 -92 -92 -263 -71 -319 39 -40 77 -36 151 11 221 50 73 166 101
253 61z m803 3 c136 -56 169 -214 68 -319 -53 -56 -107 -72 -190 -57 -71 13
-117 47 -145 105 -51 106 -1 232 109 276 38 15 116 13 158 -5z m828 -3 c22
-10 56 -38 75 -62 32 -40 34 -48 34 -114 0 -62 -4 -77 -29 -113 -34 -49 -60
-68 -118 -83 -97 -26 -200 19 -243 105 -37 74 -30 143 21 212 51 69 172 95
260 55z m789 0 c51 -24 81 -56 100 -110 21 -62 19 -99 -11 -159 -43 -86 -144
-129 -242 -103 -181 49 -196 310 -21 380 40 16 131 12 174 -8z m783 4 c76 -32
122 -102 122 -185 0 -65 -18 -108 -63 -147 -79 -69 -195 -69 -274 0 -46 41
-63 82 -63 155 0 49 5 67 29 102 54 81 159 112 249 75z m-4001 -676 c68 -25
123 -110 123 -189 0 -115 -89 -200 -207 -200 -213 1 -278 283 -88 383 35 19
131 22 172 6z m800 -8 c82 -38 129 -145 103 -239 -49 -186 -338 -189 -390 -4
-48 176 120 318 287 243z m813 -3 c117 -60 147 -209 62 -310 -76 -90 -239 -89
-315 1 -63 76 -61 197 6 270 56 61 168 79 247 39z m837 -10 c59 -39 86 -101
81 -183 -3 -53 -9 -71 -34 -102 -97 -123 -293 -105 -355 32 -46 100 -6 214 96
269 48 26 161 18 212 -16z m753 10 c26 -14 57 -41 75 -66 26 -38 30 -53 30
-110 0 -80 -21 -123 -81 -165 -53 -37 -136 -47 -198 -23 -49 19 -112 81 -122
121 -13 52 1 141 28 183 53 79 175 107 268 60z m761 8 c101 -43 148 -176 100
-283 -42 -91 -174 -131 -270 -81 -69 36 -104 86 -109 157 -2 32 1 74 7 93 13
38 60 89 106 112 38 20 122 21 166 2z m-3978 -688 c82 -25 137 -104 137 -199
0 -50 -43 -129 -85 -158 -39 -27 -118 -38 -180 -27 -71 14 -145 107 -145 183
0 152 127 245 273 201z m789 0 c151 -45 185 -270 55 -356 -36 -24 -50 -27
-123 -27 -77 0 -85 2 -121 31 -48 39 -71 79 -79 135 -21 152 116 263 268 217z
m837 -14 c67 -34 101 -86 108 -163 6 -69 -22 -129 -80 -175 -34 -27 -48 -31
-115 -34 -71 -3 -81 -1 -123 26 -135 87 -112 304 38 357 59 22 113 18 172 -11z"/>
</g>
</svg>
